.Random.seed <-
c(403L, 1L, 1418222558L, -510584552L, -267817861L, 1673384473L, 
-442363224L, 1571043414L, 1808995537L, -1869451133L, -1471085806L, 
485955236L, 2097513063L, -1503437891L, 1463653684L, 566603418L, 
752925925L, -675463553L, -306239482L, 2100251536L, 105305651L, 
-1015298607L, 1820809088L, 1530628702L, 1621242281L, -290250661L, 
1473902698L, -51767028L, -528927921L, 963702789L, 235114172L, 
-674478190L, 852997261L, 1966207687L, -216702034L, -1296843256L, 
-1865289205L, 688317161L, -2021814856L, -460789146L, 141793025L, 
-621895277L, 279542338L, -894104076L, 214513655L, -1062491155L, 
-1804909436L, 593812138L, 1889538069L, 352540847L, -2143816010L, 
-293370656L, 1911736355L, 682858305L, -2047419856L, 611829838L, 
1325807801L, -1628705589L, 1569649018L, -739513220L, -623458113L, 
1022918037L, -758694484L, -1407903870L, -866976419L, 1918252119L, 
-744402114L, -465601672L, -1877133221L, 1934065593L, 996752904L, 
2021354678L, 1414691825L, 96749091L, -971311502L, 757214404L, 
168405639L, 170566237L, 67511380L, 1400778362L, 1671826885L, 
1932308255L, 1673501350L, 1745099824L, -841580845L, 775937265L, 
73349152L, -899178818L, -2074772791L, 1295650939L, 21614154L, 
-962004308L, 1687629231L, 1243487589L, -1402090724L, 57290610L, 
534365165L, 46203943L, 505928782L, 624533672L, 1661734571L, 884501449L, 
-147322920L, 435310214L, 206149473L, -181302541L, -1812064926L, 
-1826823212L, -1933375785L, -1249219379L, 1977052260L, 1411719754L, 
-302078027L, -1788118257L, 916277270L, -990702912L, 1320494211L, 
-443920223L, -758344048L, 1774716270L, 913044249L, 973240235L, 
-613935718L, 1455255900L, 1578731615L, 1948911669L, 455429068L, 
284000034L, -608771715L, -949122441L, 788321182L, -427072936L, 
-18953285L, -1246003879L, 1915057896L, 1236879126L, -945878895L, 
113968451L, 737919058L, 269886180L, 856192295L, 762695037L, 1168884852L, 
-1354559910L, -850756955L, 95862975L, 1742947142L, -1067019824L, 
-879217677L, -1082586351L, 121371456L, 2023883550L, 314264553L, 
1073086747L, 1834072874L, 1066237004L, 774714383L, 978665285L, 
1156946172L, -130373806L, 501901517L, 1309489287L, 1310370670L, 
-875840184L, 363899211L, 105381033L, 1279532536L, 822494502L, 
-432851391L, 242040787L, 1086461314L, 2042984884L, 1522435383L, 
-325595091L, 2012159300L, -1035494806L, -1458015019L, -753958289L, 
426026870L, 37013664L, 354771299L, -767806975L, -2077736592L, 
1270931726L, 27431801L, 1580194571L, 353780794L, -617258180L, 
-754042753L, 319069141L, 1209841132L, -1995131070L, -549848931L, 
-1736441577L, -257386370L, 653979704L, -729143525L, 1949738105L, 
2085334216L, -1115718410L, 1855438129L, -480354973L, -1045725390L, 
-1998899068L, 1155818695L, -1889204323L, -1213263084L, 2008777146L, 
-591915003L, 2114137567L, 282763366L, 77991920L, 361097491L, 
654562993L, 1843175776L, -736798978L, -2052410743L, 457772475L, 
921868170L, 749837932L, -1951203345L, -1480714203L, 367556828L, 
-1120428366L, 1237569965L, -1135602329L, -143727986L, -503600280L, 
-1229008021L, -107806304L, -2131783732L, 1071273824L, 1544664258L, 
428400168L, 619301292L, -126495940L, -261622926L, 291985200L, 
1946986532L, -53920200L, -264088870L, -513742960L, 1691167996L, 
-851602028L, -499821758L, 230623744L, 318990396L, -979752368L, 
-740802398L, -744205496L, 1711301132L, -2051165476L, -781342638L, 
-1259000704L, -258314412L, 454606824L, 1537276666L, -349307056L, 
-205024212L, -517459596L, 2147415698L, 1162746464L, -2098407284L, 
1925482848L, 216934626L, 700605608L, -1548149044L, -1871926788L, 
-1160137806L, -477627408L, -1473205820L, -2025099944L, -784443014L, 
1771575728L, 1977164220L, -11497900L, 2025503170L, 1988512544L, 
-995730500L, -453119920L, 605430754L, 595494760L, 933388108L, 
-2017882372L, -1620357390L, -621703936L, -1810684812L, 1337388552L, 
1765031354L, 1607419344L, -1151242260L, 1066027924L, 749514962L, 
1098005600L, -321751732L, 886344480L, 1998895746L, -129867288L, 
1230447596L, -494414276L, 1851326066L, 88011632L, 1573211428L, 
-1742677448L, 1795608986L, -1689369136L, 245032380L, -1594325356L, 
1083097730L, -58157632L, 1434873660L, 8876688L, 959686434L, -1907599864L, 
-587463924L, 34380700L, 1274463250L, -1250356352L, -966391020L, 
-466979544L, 1909329978L, 918746064L, 877550188L, -242009036L, 
803346578L, -848871072L, 1898589516L, -1513779744L, 1146172322L, 
1928629160L, 1696287884L, -923139140L, -2038170510L, 647550960L, 
-242215868L, 1590638680L, -1447370694L, -69226384L, 1234032188L, 
1037948692L, -2077922622L, -877833504L, -924922756L, -461669168L, 
-1658221662L, 1134341672L, 1609693452L, -1245620292L, 1498245426L, 
736288960L, 1994621492L, -153351480L, 1259174586L, -941947760L, 
1101706988L, 1194614356L, -2059843950L, -826222816L, -701134900L, 
1204560096L, -1828782398L, -1764129752L, 1336757164L, 838474428L, 
701450738L, -1712056784L, 737429412L, -1297116744L, 1385952090L, 
-709512048L, -2139784324L, 1408661268L, 327028034L, -1043054848L, 
-260918340L, 2061209424L, -1622222558L, -1432247736L, 33468428L, 
-1663650724L, 1332052434L, -1876402688L, 966373716L, -854593304L, 
1246449914L, -1640626480L, -1305423572L, -872312588L, 1066839442L, 
-500209312L, -133126132L, -1217371424L, 251902562L, -12365144L, 
257894988L, 411770748L, 343082290L, -1210501520L, 244765508L, 
-81254440L, -1020897414L, -1833408976L, -2080450628L, 1748891220L, 
-1995366334L, -1700974432L, 991295164L, -506463792L, -1331145886L, 
101184232L, 2003771596L, -1610800644L, 269099506L, -1321244032L, 
-597090828L, 474949256L, 1443209018L, -988540080L, -1836266388L, 
1421390228L, -863800238L, 1096696288L, 246344908L, 1615135904L, 
1787233666L, -1640994584L, -803580180L, -790690500L, -724427662L, 
1124939888L, -845680604L, -1331684296L, -1146917094L, 1343237328L, 
770113340L, 526497684L, 1230545794L, -2126861888L, 703020604L, 
-1308269168L, 495345186L, -643513080L, -422936948L, 1720790812L, 
2061205650L, -1890240128L, 1125357076L, 1964814120L, -1113249222L, 
-1215201840L, -349550228L, -2123283532L, -188188654L, 1668662752L, 
-286369844L, 10862816L, -322268021L, 1671273852L, 1329163178L, 
-1446056993L, 374505833L, -636162690L, -1270059668L, 509097405L, 
790607495L, -1493298576L, -1467598578L, 1687578171L, -1309969123L, 
-720953398L, -2057148184L, 688171985L, 1164463555L, -2134407484L, 
-1592996494L, 1466245191L, -2050923503L, -180550250L, -974333708L, 
1171985029L, -984753201L, 91149000L, 1155412838L, -788035181L, 
-548699403L, 47700690L, -1104902880L, -799085303L, 1145453115L, 
107343756L, 247148058L, -1059924337L, 1482093017L, 800245358L, 
-118872580L, 923475821L, -2121070313L, 1060840672L, -403535170L, 
96307339L, 606254861L, -993323206L, -1019662472L, -1086110431L, 
1658050003L, 490435828L, -729870974L, -2138802153L, 2102886113L, 
-327473114L, -1217450716L, 543741397L, -287843969L, 73435160L, 
2064152374L, -1281732157L, 498524165L, 750994338L, 2058227600L, 
-869881031L, 452689899L, 2101272796L, 1832050954L, -180539393L, 
-1996193207L, -1565792290L, -837228660L, -169805987L, 534277991L, 
-1738353520L, -1628767570L, -434645157L, -944068803L, -719415894L, 
-776824248L, -1054197135L, -1253827613L, -962181404L, 1271406098L, 
-1549440537L, -1105164879L, 610943990L, 1821453844L, -554421979L, 
-1697228241L, 10772456L, -1021605690L, -1038234253L, 1428100565L, 
-1910335054L, -1780770944L, -1669919895L, -1982873637L, -421730516L, 
-855242438L, -898369553L, 1535754873L, -470334194L, -1474974500L, 
616301389L, 748751543L, 1430349888L, 1029998878L, 158454763L, 
-1986420883L, -1859103270L, 2033231768L, 743171585L, -1213904973L, 
1094137556L, -606908446L, 861778551L, 1227189185L, -1925179066L, 
-1462515580L, -646803915L, 1937585695L, -1020505736L, -376393642L, 
-1567834909L, -2008794459L, -834631870L, 307344688L, 650405209L, 
-856455477L, 1058127676L, 420403050L, 197817759L, -1407562711L, 
-1856647490L, 840834988L, -970054403L, -290545593L, -677126352L, 
-668661682L, -11041669L, -770758691L, 609359370L, 1489627944L, 
-747793007L, -503313533L, 1164030084L, 1424154290L, 2025284103L, 
